cam0:
  cam_overlaps: [1, 2]
  camera_model: pinhole
  distortion_coeffs: [-0.37079601167130954, 0.11937875167688575, 0.002024160231437216, -0.0028750624067706257]
  distortion_model: radtan
  intrinsics: [3128.2231481209933, 3127.055612486281, 1230.3609442573918, 1055.979229631629]
  resolution: [2448, 2048]
  rostopic: /left/camera/image_raw
cam1:
  T_cn_cnm1:
  - [0.9991542987550621, -0.04099634742654422, -0.0031601862233793044, -0.12016498420677288]
  - [0.04097429933652344, 0.9991373894845977, -0.0067515722456684135, -0.003300673873090223]
  - [0.003434250014971216, 0.006616376016339048, 0.9999722143616039, 0.0004063807497462897]
  - [0.0, 0.0, 0.0, 1.0]
  cam_overlaps: [0, 2]
  camera_model: pinhole
  distortion_coeffs: [-0.37636477420115316, 0.15533051454968927, 0.0012709266455232652, -0.0008170020349034865]
  distortion_model: radtan
  intrinsics: [3118.521672124142, 3126.1017174445287, 1280.1959237696515, 1016.252643080528]
  resolution: [2448, 2048]
  rostopic: /right/camera/image_raw
cam2:
  T_cn_cnm1:
  - [0.9999277918699111, 0.011148346698490807, -0.0044861355361724255, 0.08261999489202719]
  - [-0.01109458742809076, 0.9998684128051637, 0.011834999124551517, 0.011797134230722034]
  - [0.004617485891598412, -0.01178437271847483, 0.9999199004838677, -0.013023720289122792]
  - [0.0, 0.0, 0.0, 1.0]
  cam_overlaps: [0, 1]
  camera_model: pinhole
  distortion_coeffs: [-0.03604069001103331, -0.4257776965843562, 0.0008529077951766137, 0.0016979117683710507]
  distortion_model: radtan
  intrinsics: [1069.5100005054346, 1074.489132614417, 281.24444875491724, 218.6235448939064]
  resolution: [640, 480]
  rostopic: /mapir/image_raw
