cam0:
  T_cam_imu:
  - [-0.042358586024273254, 0.9981709456935031, -0.04313366855903, 0.03457845203043674]
  - [0.028845179599121806, 0.04437621869935576, 0.9985983711321782, -0.022599443350752688]
  - [0.99868598959028, 0.041055016590947346, -0.03067213407636296, 0.0156938783320193]
  - [0.0, 0.0, 0.0, 1.0]
  cam_overlaps: [1, 2]
  camera_model: pinhole
  distortion_coeffs: [-0.37079601167130954, 0.11937875167688575, 0.002024160231437216, -0.0028750624067706257]
  distortion_model: radtan
  intrinsics: [3128.2231481209933, 3127.055612486281, 1230.3609442573918, 1055.979229631629]
  resolution: [2448, 2048]
  rostopic: /left/camera/image_raw
  timeshift_cam_imu: 0.006708616602901941
cam1:
  T_cam_imu:
  - [-0.046661344025550444, 0.9953777869049616, -0.08393914646879697, -0.08473887616310866]
  - [0.020341983451194867, 0.08496010851377714, 0.9961766829587002, -0.024569753215650893]
  - [0.9987036210422994, 0.044775454185391916, -0.024212311320717217, 0.016069047651771865]
  - [0.0, 0.0, 0.0, 1.0]
  T_cn_cnm1:
  - [0.9991542987550615, -0.04099634742654421, -0.0031601862233793035, -0.12016498420677288]
  - [0.04097429933652343, 0.9991373894845971, -0.0067515722456684135, -0.003300673873090223]
  - [0.003434250014971216, 0.006616376016339048, 0.9999722143616032, 0.0004063807497462897]
  - [0.0, 0.0, 0.0, 1.0]
  cam_overlaps: [0, 2]
  camera_model: pinhole
  distortion_coeffs: [-0.37636477420115316, 0.15533051454968927, 0.0012709266455232652, -0.0008170020349034865]
  distortion_model: radtan
  intrinsics: [3118.521672124142, 3126.1017174445287, 1280.1959237696515, 1016.252643080528]
  resolution: [2448, 2048]
  rostopic: /right/camera/image_raw
  timeshift_cam_imu: -17.441744732297384
cam2:
  T_cam_imu:
  - [-0.05091151501756408, 0.9960522085253234, -0.0727187426351843, -0.0024587624881356046]
  - [0.032676651548180835, 0.07443554043171383, 0.9966903163792843, -0.011639065884984591]
  - [0.9981684497529539, 0.0483668089960928, -0.03633727707630763, 0.002942298804048617]
  - [0.0, 0.0, 0.0, 1.0]
  T_cn_cnm1:
  - [0.9999277918699124, 0.011148346698490807, -0.004486135536172426, 0.08261999489202719]
  - [-0.01109458742809076, 0.999868412805165, 0.011834999124551517, 0.011797134230722034]
  - [0.0046174858915984125, -0.01178437271847483, 0.999919900483869, -0.013023720289122792]
  - [0.0, 0.0, 0.0, 1.0]
  cam_overlaps: [0, 1]
  camera_model: pinhole
  distortion_coeffs: [-0.03604069001103331, -0.4257776965843562, 0.0008529077951766137, 0.0016979117683710507]
  distortion_model: radtan
  intrinsics: [1069.5100005054346, 1074.489132614417, 281.24444875491724, 218.6235448939064]
  resolution: [640, 480]
  rostopic: /mapir/image_raw
  timeshift_cam_imu: -0.12436407047754516
