# oST version 5.0 parameters


[image]

width
2448

height
2048

[narrow_stereo/left]

camera matrix
3115.065654 0.000000 1256.720922
0.000000 3119.210560 1087.696144
0.000000 0.000000 1.000000

distortion
-0.402112 0.189626 0.000239 0.000761 0.000000

rectification
0.999361 -0.022180 0.028027
0.022239 0.999751 -0.001809
-0.027980 0.002431 0.999606

projection
3077.011002 0.000000 1181.908417 0.000000
0.000000 3077.011002 1078.231674 0.000000
0.000000 0.000000 1.000000 0.000000
# oST version 5.0 parameters


[image]

width
2448

height
2048

[narrow_stereo/right]

camera matrix
3103.785246 0.000000 1255.150323
0.000000 3105.426332 1048.846498
0.000000 0.000000 1.000000

distortion
-0.399696 0.226801 -0.000760 0.000132 0.000000

rectification
0.999636 0.020815 0.017166
-0.020851 0.999781 0.001941
-0.017122 -0.002299 0.999851

projection
3077.011002 0.000000 1181.908417 -367.444617
0.000000 3077.011002 1078.231674 0.000000
0.000000 0.000000 1.000000 0.000000
